0 0.135 0.46017699115044247 0.11 0.20353982300884957
0 0.1825 0.3561946902654867 0.075 0.15486725663716813
0 0.1125 0.22123893805309736 0.05 0.09734513274336283
0 0.3275 0.4446902654867257 0.155 0.27876106194690264
0 0.19625 0.17035398230088494 0.0525 0.09292035398230089
0 0.60875 0.48008849557522126 0.1075 0.16371681415929204
0 0.63375 0.1747787610619469 0.0725 0.11061946902654868
0 0.75375 0.32079646017699115 0.0825 0.15486725663716813
0 0.95875 0.22123893805309736 0.0725 0.13274336283185842
0 0.02 0.252212389380531 0.04 0.11504424778761062
