2 0.12375 0.30238095238095236 0.0675 0.1380952380952381
2 0.1875 0.4261904761904762 0.065 0.10952380952380952
2 0.1925 0.6 0.07 0.14285714285714285
2 0.24875 0.27380952380952384 0.0625 0.1380952380952381
2 0.33625 0.55 0.0775 0.16666666666666666
0 0.44625 0.580952380952381 0.0925 0.2
2 0.54125 0.30714285714285716 0.0575 0.1380952380952381
2 0.6075 0.6666666666666666 0.085 0.1619047619047619
2 0.62125 0.4976190476190476 0.0675 0.1380952380952381
0 0.88375 0.6428571428571429 0.0825 0.19047619047619047
2 0.96125 0.35714285714285715 0.0575 0.12380952380952381
2 0.69375 0.15476190476190477 0.0575 0.10952380952380952
2 0.88 0.20476190476190476 0.045 0.08571428571428572
2 0.48375 0.2785714285714286 0.0575 0.1
