0 0.08375 0.26548672566371684 0.0525 0.09734513274336283
0 0.16875 0.32079646017699115 0.0475 0.09292035398230089
0 0.35 0.29646017699115046 0.06 0.10619469026548672
0 0.405 0.2809734513274336 0.045 0.09292035398230089
0 0.45125 0.5110619469026548 0.0575 0.11061946902654868
0 0.47875 0.2721238938053097 0.0325 0.06637168141592921
0 0.5275 0.2610619469026549 0.03 0.08849557522123894
0 0.56 0.2743362831858407 0.045 0.09734513274336283
0 0.6125 0.3075221238938053 0.04 0.084070796460177
0 0.65 0.34513274336283184 0.045 0.09734513274336283
0 0.71375 0.3672566371681416 0.0575 0.11504424778761062
0 0.76625 0.252212389380531 0.0375 0.07964601769911504
2 0.8075 0.25663716814159293 0.045 0.061946902654867256
0 0.88125 0.23008849557522124 0.0475 0.08849557522123894
0 0.93875 0.252212389380531 0.0525 0.09734513274336283
0 0.3675 0.23008849557522124 0.04 0.07079646017699115
0 0.3 0.22787610619469026 0.04 0.06637168141592921
