0 0.385 0.4666666666666667 0.06 0.12444444444444444
0 0.3825 0.26 0.08 0.07555555555555556
0 0.64625 0.6755555555555556 0.0625 0.16
0 0.57875 0.5311111111111111 0.0425 0.13777777777777778
0 0.69625 0.26222222222222225 0.0275 0.05333333333333334
1 0.265 0.24222222222222223 0.035 0.057777777777777775
2 0.08375 0.23777777777777778 0.0225 0.04
2 0.50875 0.21777777777777776 0.0275 0.06222222222222222
2 0.75375 0.2 0.0225 0.06222222222222222
2 0.5775 0.3977777777777778 0.04 0.06666666666666667
0 0.8925 0.3422222222222222 0.03 0.044444444444444446
2 0.935 0.3711111111111111 0.04 0.07555555555555556
2 0.94 0.49333333333333335 0.03 0.10666666666666667
2 0.96625 0.3622222222222222 0.0325 0.057777777777777775
0 0.94375 0.8933333333333333 0.0925 0.21333333333333335
