0 0.715 0.3782771535580524 0.07 0.11235955056179775
0 0.88625 0.2752808988764045 0.0575 0.10861423220973783
0 0.645 0.24531835205992508 0.065 0.12359550561797752
0 0.3925 0.4288389513108614 0.06 0.08614232209737828
0 0.4325 0.3408239700374532 0.055 0.0898876404494382
0 0.04125 0.3707865168539326 0.0825 0.23220973782771537
0 0.33125 0.3539325842696629 0.0475 0.07116104868913857
0 0.27 0.32397003745318353 0.055 0.07116104868913857
0 0.095 0.31835205992509363 0.04 0.0599250936329588
0 0.19875 0.3146067415730337 0.0425 0.052434456928838954
0 0.15375 0.28651685393258425 0.0225 0.04119850187265917
0 0.5125 0.28277153558052437 0.03 0.04868913857677903
