0 0.11 0.4911504424778761 0.08 0.19469026548672566
0 0.27375 0.3185840707964602 0.0925 0.1415929203539823
0 0.0875 0.22566371681415928 0.05 0.08849557522123894
0 0.3275 0.09292035398230089 0.045 0.08849557522123894
0 0.4625 0.32964601769911506 0.055 0.10176991150442478
0 0.525 0.26327433628318586 0.04 0.09292035398230089
0 0.62375 0.27654867256637167 0.0375 0.10176991150442478
0 0.57375 0.4579646017699115 0.0625 0.11946902654867257
0 0.60625 0.672566371681416 0.0625 0.13274336283185842
0 0.765 0.4336283185840708 0.07 0.10619469026548672
0 0.6 0.05530973451327434 0.03 0.0752212389380531
0 0.825 0.13053097345132744 0.04 0.048672566371681415
0 0.95875 0.2079646017699115 0.0725 0.1415929203539823
0 0.46875 0.1084070796460177 0.0225 0.06637168141592921
