0 0.04625 0.26706827309236947 0.0525 0.10040160642570281
0 0.10875 0.2469879518072289 0.0625 0.10040160642570281
0 0.27625 0.14859437751004015 0.0475 0.0963855421686747
0 0.23875 0.3433734939759036 0.0475 0.10843373493975904
0 0.31625 0.30120481927710846 0.0525 0.10441767068273092
0 0.3975 0.3112449799196787 0.06 0.10843373493975904
0 0.4475 0.23293172690763053 0.06 0.0963855421686747
0 0.5125 0.285140562248996 0.06 0.10441767068273092
0 0.57125 0.25100401606425704 0.0625 0.10843373493975904
0 0.69375 0.2791164658634538 0.0525 0.09236947791164658
0 0.7475 0.28714859437751006 0.045 0.10843373493975904
0 0.83875 0.25100401606425704 0.0675 0.11646586345381527
0 0.94375 0.2389558232931727 0.0625 0.10843373493975904
0 0.3425 0.19879518072289157 0.055 0.09236947791164658
0 0.99 0.38353413654618473 0.025 0.08433734939759036
