0 0.0875 0.2752808988764045 0.045 0.07865168539325842
0 0.15875 0.30711610486891383 0.0425 0.08239700374531835
0 0.2775 0.25280898876404495 0.045 0.07865168539325842
0 0.4 0.36704119850187267 0.045 0.0749063670411985
0 0.41625 0.24906367041198502 0.0425 0.056179775280898875
0 0.55125 0.21161048689138576 0.0425 0.07865168539325842
0 0.65625 0.27340823970037453 0.0275 0.08239700374531835
0 0.7125 0.29775280898876405 0.04 0.08614232209737828
0 0.83875 0.2883895131086142 0.0425 0.06741573033707865
0 0.9025 0.31273408239700373 0.04 0.07116104868913857
0 0.6 0.21722846441947566 0.04 0.0749063670411985
