2 0.13125 0.9081632653061225 0.0475 0.06938775510204082
2 0.02875 0.6755102040816326 0.0425 0.06938775510204082
2 0.15 0.6836734693877551 0.04 0.06938775510204082
2 0.04375 0.573469387755102 0.0375 0.061224489795918366
2 0.165 0.5326530612244897 0.045 0.06938775510204082
2 0.0575 0.43673469387755104 0.04 0.0653061224489796
2 0.16375 0.4387755102040816 0.0375 0.044897959183673466
2 0.2025 0.38571428571428573 0.035 0.053061224489795916
2 0.065 0.2897959183673469 0.035 0.05714285714285714
2 0.0975 0.24081632653061225 0.03 0.04081632653061224
2 0.21125 0.25918367346938775 0.0375 0.061224489795918366
2 0.11875 0.11632653061224489 0.0325 0.053061224489795916
2 0.20875 0.1326530612244898 0.0375 0.061224489795918366
2 0.2275 0.0653061224489796 0.035 0.04897959183673469
2 0.395 0.12448979591836734 0.02 0.044897959183673466
0 0.47125 0.11020408163265306 0.0225 0.04897959183673469
0 0.5175 0.09591836734693877 0.025 0.044897959183673466
2 0.45375 0.14285714285714285 0.0325 0.04897959183673469
2 0.4575 0.2 0.03 0.04897959183673469
0 0.4375 0.3 0.03 0.044897959183673466
2 0.47375 0.3510204081632653 0.0225 0.04897959183673469
2 0.4525 0.4020408163265306 0.025 0.053061224489795916
2 0.45625 0.4897959183673469 0.0325 0.05714285714285714
2 0.4325 0.5816326530612245 0.04 0.061224489795918366
2 0.4675 0.6571428571428571 0.035 0.04897959183673469
2 0.47625 0.8387755102040816 0.0375 0.044897959183673466
2 0.4925 0.9306122448979591 0.045 0.07346938775510205
2 0.46125 0.9142857142857143 0.0175 0.04897959183673469
0 0.5225 0.44285714285714284 0.035 0.053061224489795916
2 0.55375 0.4857142857142857 0.0375 0.0653061224489796
2 0.56125 0.39183673469387753 0.0375 0.05714285714285714
2 0.53375 0.38571428571428573 0.0275 0.053061224489795916
2 0.525 0.20816326530612245 0.02 0.04081632653061224
2 0.54625 0.23061224489795917 0.0325 0.053061224489795916
2 0.58125 0.11020408163265306 0.0275 0.04897959183673469
2 0.58875 0.2510204081632653 0.0325 0.053061224489795916
2 0.63625 0.24081632653061225 0.0275 0.04081632653061224
2 0.6375 0.3489795918367347 0.035 0.053061224489795916
2 0.61625 0.5244897959183673 0.0325 0.044897959183673466
2 0.5625 0.6714285714285714 0.03 0.061224489795918366
2 0.59875 0.7204081632653061 0.0375 0.061224489795918366
2 0.6425 0.7163265306122449 0.035 0.061224489795918366
2 0.64875 0.5489795918367347 0.0375 0.061224489795918366
2 0.63875 0.9408163265306122 0.0325 0.061224489795918366
2 0.6175 0.15306122448979592 0.03 0.044897959183673466
2 0.6575 0.12448979591836734 0.02 0.044897959183673466
2 0.6475 0.07142857142857142 0.025 0.036734693877551024
2 0.715 0.09795918367346938 0.025 0.04081632653061224
2 0.68875 0.1306122448979592 0.0275 0.0326530612244898
2 0.71875 0.17551020408163265 0.0325 0.04081632653061224
2 0.70625 0.2755102040816326 0.0375 0.044897959183673466
2 0.73 0.2530612244897959 0.015 0.04897959183673469
2 0.7 0.373469387755102 0.035 0.044897959183673466
2 0.73 0.4204081632653061 0.035 0.05714285714285714
2 0.755 0.42857142857142855 0.02 0.04897959183673469
2 0.7425 0.5306122448979592 0.035 0.05714285714285714
2 0.735 0.6693877551020408 0.04 0.04897959183673469
2 0.76875 0.8040816326530612 0.0375 0.05714285714285714
2 0.785 0.8755102040816326 0.025 0.036734693877551024
2 0.80125 0.9673469387755103 0.0375 0.05714285714285714
2 0.76 0.10204081632653061 0.02 0.0326530612244898
