0 0.05625 0.2247191011235955 0.0725 0.0898876404494382
0 0.18875 0.20786516853932585 0.0675 0.10112359550561797
0 0.31375 0.20224719101123595 0.0725 0.10486891385767791
0 0.405 0.23782771535580524 0.065 0.07116104868913857
0 0.4575 0.24344569288389514 0.065 0.10486891385767791
0 0.705 0.21910112359550563 0.065 0.14606741573033707
0 0.845 0.2846441947565543 0.075 0.1348314606741573
0 0.895 0.550561797752809 0.08 0.149812734082397
0 0.8075 0.6348314606741573 0.085 0.11610486891385768
0 0.61 0.6123595505617978 0.075 0.12359550561797752
0 0.5225 0.5037453183520599 0.07 0.14606741573033707
0 0.34875 0.5936329588014981 0.0925 0.11610486891385768
0 0.14 0.5037453183520599 0.075 0.13108614232209737
