0 0.10875 0.587378640776699 0.0825 0.18446601941747573
0 0.06875 0.26941747572815533 0.0675 0.15048543689320387
0 0.1375 0.12135922330097088 0.06 0.1553398058252427
0 0.22625 0.5145631067961165 0.0675 0.17475728155339806
0 0.16625 0.41019417475728154 0.0575 0.1407766990291262
0 0.33375 0.5970873786407767 0.0625 0.20388349514563106
0 0.27375 0.9368932038834952 0.0975 0.1262135922330097
0 0.42875 0.9004854368932039 0.1125 0.19902912621359223
0 0.42125 0.3616504854368932 0.0725 0.1796116504854369
0 0.3425 0.24514563106796117 0.065 0.15048543689320387
0 0.54625 0.38106796116504854 0.0625 0.15048543689320387
0 0.58 0.7864077669902912 0.085 0.1650485436893204
0 0.63 0.587378640776699 0.065 0.18446601941747573
0 0.60625 0.3276699029126214 0.0675 0.16990291262135923
0 0.66375 0.12864077669902912 0.0575 0.1407766990291262
2 0.5375 0.09466019417475728 0.05 0.10194174757281553
0 0.7675 0.4199029126213592 0.06 0.15048543689320387
0 0.80875 0.6820388349514563 0.0925 0.2087378640776699
0 0.86 0.6529126213592233 0.06 0.16019417475728157
0 0.96625 0.4587378640776699 0.0725 0.18932038834951456
0 0.9275 0.20388349514563106 0.065 0.1553398058252427
0 0.945 0.05825242718446602 0.055 0.0970873786407767
0 0.85 0.3640776699029126 0.07 0.14563106796116504
0 0.975 0.8907766990291263 0.05 0.21844660194174756
