0 0.01 0.35333333333333333 0.02 0.03111111111111111
0 0.11625 0.37777777777777777 0.0225 0.035555555555555556
0 0.035 0.4533333333333333 0.04 0.07111111111111111
0 0.09625 0.5422222222222223 0.0325 0.07111111111111111
0 0.2075 0.44222222222222224 0.055 0.10222222222222223
0 0.23 0.3711111111111111 0.025 0.057777777777777775
0 0.25875 0.3422222222222222 0.0225 0.044444444444444446
0 0.325 0.35777777777777775 0.015 0.03111111111111111
0 0.3 0.3933333333333333 0.02 0.04
0 0.32125 0.47333333333333333 0.0375 0.07555555555555556
0 0.35375 0.43777777777777777 0.0225 0.057777777777777775
0 0.4 0.45111111111111113 0.06 0.10222222222222223
0 0.45375 0.6288888888888889 0.0675 0.13777777777777778
1 0.445 0.38222222222222224 0.015 0.02666666666666667
0 0.59625 0.4711111111111111 0.0275 0.07111111111111111
0 0.64375 0.4066666666666667 0.0225 0.04888888888888889
0 0.68875 0.5 0.0375 0.07555555555555556
0 0.84875 0.6488888888888888 0.1625 0.3111111111111111
0 0.94125 0.7422222222222222 0.0625 0.13333333333333333
