0 0.12875 0.208955223880597 0.0425 0.07462686567164178
0 0.24625 0.22201492537313433 0.0525 0.07835820895522388
0 0.33875 0.24253731343283583 0.0425 0.05970149253731343
0 0.4325 0.125 0.06 0.10074626865671642
0 0.4875 0.17164179104477612 0.035 0.05223880597014925
0 0.56125 0.18097014925373134 0.0525 0.07835820895522388
0 0.63125 0.3712686567164179 0.0475 0.07835820895522388
0 0.68625 0.15485074626865672 0.0525 0.07835820895522388
0 0.77 0.2126865671641791 0.05 0.08208955223880597
0 0.8375 0.23134328358208955 0.035 0.05970149253731343
0 0.88 0.2332089552238806 0.045 0.06343283582089553
0 0.90375 0.1828358208955224 0.0275 0.04477611940298507
0 0.97375 0.15858208955223882 0.0525 0.08582089552238806
