0 0.09 0.8283333333333334 0.065 0.09
0 0.22 0.8283333333333334 0.06 0.09
0 0.33125 0.8566666666666667 0.0575 0.08666666666666667
0 0.505 0.9016666666666666 0.07 0.09
0 0.795 0.7683333333333333 0.065 0.07666666666666666
0 0.95375 0.8366666666666667 0.0575 0.05333333333333334
0 0.665 0.66 0.06 0.08
0 0.85 0.5083333333333333 0.05 0.06333333333333334
0 0.98 0.57 0.035 0.06666666666666667
0 0.72 0.505 0.04 0.056666666666666664
0 0.54375 0.68 0.0575 0.07333333333333333
0 0.40875 0.6466666666666666 0.0575 0.07333333333333333
0 0.22625 0.59 0.0325 0.08
0 0.18875 0.575 0.0575 0.08333333333333333
0 0.12125 0.5716666666666667 0.0525 0.07666666666666666
0 0.01375 0.545 0.0275 0.07666666666666666
0 0.02125 0.3933333333333333 0.0425 0.04666666666666667
0 0.13125 0.39166666666666666 0.0475 0.06333333333333334
0 0.26375 0.43 0.0425 0.06
0 0.34375 0.4216666666666667 0.0475 0.06333333333333334
0 0.47 0.4816666666666667 0.055 0.06333333333333334
0 0.57125 0.495 0.0525 0.06333333333333334
0 0.965 0.355 0.045 0.06333333333333334
0 0.815 0.31833333333333336 0.03 0.06333333333333334
0 0.72375 0.30666666666666664 0.0425 0.06666666666666667
0 0.65125 0.305 0.0475 0.05
0 0.53875 0.25166666666666665 0.0425 0.06333333333333334
0 0.48375 0.25833333333333336 0.0375 0.06333333333333334
0 0.37375 0.215 0.0375 0.06333333333333334
0 0.2925 0.23166666666666666 0.035 0.056666666666666664
0 0.18 0.205 0.035 0.056666666666666664
0 0.08625 0.20333333333333334 0.0425 0.06666666666666667
0 0.02 0.19333333333333333 0.04 0.06
0 0.01875 0.09833333333333333 0.0325 0.05
0 0.1175 0.105 0.025 0.05
0 0.2075 0.14166666666666666 0.035 0.056666666666666664
0 0.33375 0.14666666666666667 0.0325 0.06
0 0.485 0.12 0.03 0.06
0 0.57375 0.15166666666666667 0.0375 0.06333333333333334
0 0.69625 0.18166666666666667 0.0375 0.06333333333333334
0 0.78875 0.16 0.0425 0.06666666666666667
0 0.90125 0.19333333333333333 0.0375 0.06
0 0.98625 0.21166666666666667 0.0275 0.06333333333333334
0 0.81625 0.06166666666666667 0.0325 0.05
0 0.74125 0.07 0.0375 0.05333333333333334
0 0.6425 0.06333333333333334 0.035 0.06
0 0.59875 0.021666666666666667 0.0275 0.043333333333333335
0 0.515 0.058333333333333334 0.035 0.05
0 0.4475 0.06166666666666667 0.035 0.043333333333333335
0 0.38 0.04833333333333333 0.035 0.05
0 0.2925 0.03166666666666667 0.04 0.05
0 0.17625 0.05333333333333334 0.0275 0.04
0 0.11125 0.025 0.0275 0.05
