0 0.0975 0.23777777777777778 0.055 0.06666666666666667
0 0.26125 0.20444444444444446 0.0475 0.07111111111111111
0 0.15625 0.28888888888888886 0.0225 0.044444444444444446
0 0.3375 0.24888888888888888 0.03 0.05333333333333334
0 0.425 0.23777777777777778 0.04 0.08444444444444445
0 0.53125 0.2577777777777778 0.0425 0.08888888888888889
0 0.7125 0.26222222222222225 0.03 0.08888888888888889
0 0.8625 0.24444444444444444 0.04 0.08
0 0.58375 0.3377777777777778 0.0125 0.02666666666666667
0 0.98875 0.36 0.0125 0.02666666666666667
0 0.97625 0.36666666666666664 0.0175 0.03111111111111111
