0 0.08375 0.2340823970037453 0.0475 0.07116104868913857
0 0.1875 0.11610486891385768 0.035 0.052434456928838954
0 0.255 0.28277153558052437 0.045 0.06367041198501873
0 0.37 0.08801498127340825 0.035 0.04868913857677903
0 0.41375 0.14606741573033707 0.0425 0.06741573033707865
0 0.5175 0.35580524344569286 0.055 0.0898876404494382
0 0.455 0.08239700374531835 0.04 0.0599250936329588
0 0.51875 0.09176029962546817 0.0375 0.056179775280898875
0 0.61875 0.26591760299625467 0.0475 0.0749063670411985
0 0.60625 0.20786516853932585 0.0375 0.056179775280898875
2 0.42125 0.07677902621722846 0.0275 0.033707865168539325
2 0.5925 0.10112359550561797 0.025 0.0449438202247191
0 0.59875 0.04119850187265917 0.0275 0.03745318352059925
0 0.665 0.1348314606741573 0.035 0.0449438202247191
2 0.62875 0.024344569288389514 0.0275 0.04119850187265917
1 0.69625 0.07677902621722846 0.0275 0.04868913857677903
0 0.74875 0.056179775280898875 0.0325 0.052434456928838954
0 0.7675 0.0599250936329588 0.015 0.03745318352059925
2 0.72625 0.052434456928838954 0.0225 0.03745318352059925
2 0.88125 0.05805243445692884 0.0325 0.04119850187265917
0 0.95375 0.09925093632958802 0.0325 0.04868913857677903
