0 0.17375 0.29045643153526973 0.0375 0.0995850622406639
0 0.35125 0.3775933609958506 0.0525 0.0912863070539419
0 0.53 0.36721991701244816 0.055 0.0954356846473029
0 0.75875 0.34439834024896265 0.0575 0.0995850622406639
0 0.87 0.3506224066390041 0.03 0.12033195020746888
2 0.685 0.31950207468879666 0.02 0.04149377593360996
2 0.5975 0.3921161825726141 0.02 0.03734439834024896
2 0.5975 0.3278008298755187 0.02 0.03319502074688797
0 0.66375 0.3257261410788382 0.0125 0.029045643153526972
0 0.7075 0.3091286307053942 0.015 0.029045643153526972
