2 0.13625 0.44026548672566373 0.0675 0.11061946902654868
2 0.1425 0.3008849557522124 0.06 0.08849557522123894
0 0.21625 0.2809734513274336 0.0525 0.0752212389380531
2 0.275 0.34292035398230086 0.05 0.084070796460177
0 0.30625 0.26548672566371684 0.0475 0.08849557522123894
2 0.235 0.19690265486725664 0.055 0.10176991150442478
0 0.12875 0.6238938053097345 0.0525 0.1504424778761062
2 0.19375 0.6814159292035398 0.0775 0.1504424778761062
2 0.26375 0.7920353982300885 0.0775 0.1592920353982301
0 0.37 0.8694690265486725 0.1 0.1902654867256637
0 0.37125 0.5132743362831859 0.0675 0.13274336283185842
0 0.37 0.3473451327433628 0.065 0.09292035398230089
2 0.3675 0.17699115044247787 0.04 0.07079646017699115
0 0.4625 0.18805309734513273 0.045 0.10176991150442478
0 0.44375 0.24336283185840707 0.0325 0.08849557522123894
0 0.51 0.18584070796460178 0.045 0.08849557522123894
2 0.57125 0.13495575221238937 0.0425 0.084070796460177
2 0.62 0.2079646017699115 0.065 0.11504424778761062
0 0.46375 0.4491150442477876 0.0575 0.11061946902654868
0 0.45625 0.6238938053097345 0.0675 0.10619469026548672
0 0.5625 0.5088495575221239 0.065 0.13274336283185842
2 0.4825 0.7986725663716814 0.045 0.11061946902654868
2 0.4325 0.8362831858407079 0.045 0.1592920353982301
0 0.61625 0.9026548672566371 0.0925 0.168141592920354
0 0.64375 0.5597345132743363 0.0725 0.12831858407079647
0 0.7025 0.7853982300884956 0.055 0.15486725663716813
0 0.67875 0.40707964601769914 0.0525 0.09734513274336283
0 0.7575 0.5265486725663717 0.06 0.11504424778761062
2 0.67875 0.12168141592920353 0.0525 0.09292035398230089
2 0.67625 0.2411504424778761 0.0425 0.06637168141592921
2 0.72625 0.1504424778761062 0.0475 0.07964601769911504
0 0.81875 0.1172566371681416 0.0375 0.084070796460177
2 0.76125 0.25442477876106195 0.0475 0.084070796460177
0 0.83875 0.5066371681415929 0.0725 0.084070796460177
2 0.89125 0.7411504424778761 0.0825 0.12831858407079647
0 0.65 0.04424778761061947 0.035 0.07079646017699115
2 0.6175 0.06858407079646017 0.025 0.05752212389380531
0 0.55 0.28982300884955753 0.055 0.09292035398230089
