0 0.26625 0.10633484162895927 0.0275 0.06787330316742081
0 0.23625 0.1493212669683258 0.0425 0.07239819004524888
0 0.16375 0.6334841628959276 0.0825 0.14479638009049775
0 0.3375 0.5226244343891403 0.065 0.13122171945701358
0 0.41875 0.31221719457013575 0.0575 0.11764705882352941
0 0.40125 0.033936651583710405 0.0225 0.04072398190045249
0 0.4575 0.05203619909502263 0.02 0.049773755656108594
0 0.55625 0.08144796380090498 0.0325 0.05429864253393665
0 0.5425 0.251131221719457 0.055 0.11312217194570136
0 0.57 0.4253393665158371 0.065 0.12669683257918551
0 0.6525 0.24660633484162897 0.06 0.11312217194570136
2 0.74875 0.12669683257918551 0.0325 0.06334841628959276
0 0.81125 0.1583710407239819 0.0375 0.08144796380090498
0 0.7875 0.04751131221719457 0.03 0.058823529411764705
0 0.85125 0.04072398190045249 0.0375 0.06334841628959276
0 0.9 0.06561085972850679 0.035 0.049773755656108594
