0 0.39875 0.25333333333333335 0.0725 0.13333333333333333
0 0.54 0.39555555555555555 0.06 0.11555555555555555
0 0.29 0.8888888888888888 0.135 0.2222222222222222
0 0.5375 0.9333333333333333 0.125 0.13333333333333333
0 0.84 0.20222222222222222 0.06 0.1111111111111111
0 0.64625 0.15555555555555556 0.0675 0.10666666666666667
0 0.72625 0.16 0.0625 0.13333333333333333
0 0.51375 0.25333333333333335 0.0675 0.13333333333333333
0 0.52875 0.04888888888888889 0.0275 0.08
0 0.40875 0.08888888888888889 0.0475 0.08888888888888889
0 0.27125 0.03333333333333333 0.0325 0.06666666666666667
0 0.15875 0.08888888888888889 0.0475 0.08
0 0.05125 0.12444444444444444 0.0525 0.07111111111111111
0 0.20625 0.05555555555555555 0.0325 0.06666666666666667
0 0.78875 0.042222222222222223 0.0425 0.08444444444444445
2 0.23 0.12222222222222222 0.04 0.08444444444444445
0 0.88125 0.9222222222222223 0.1475 0.15555555555555556
