0 0.53625 0.42333333333333334 0.0425 0.05333333333333334
0 0.7825 0.48333333333333334 0.04 0.04666666666666667
2 0.87625 0.49166666666666664 0.0425 0.05
2 0.7175 0.44666666666666666 0.04 0.04666666666666667
2 0.65625 0.4116666666666667 0.0375 0.043333333333333335
2 0.47 0.4166666666666667 0.035 0.05333333333333334
2 0.36625 0.4083333333333333 0.0425 0.05
2 0.4425 0.395 0.035 0.043333333333333335
1 0.2 0.4033333333333333 0.045 0.05333333333333334
1 0.2825 0.4033333333333333 0.035 0.05333333333333334
1 0.25 0.5583333333333333 0.035 0.05
1 0.61625 0.43 0.0425 0.05333333333333334
0 0.07125 0.44 0.0225 0.03333333333333333
2 0.8425 0.4583333333333333 0.025 0.03
