0 0.48 0.27715355805243447 0.08 0.12734082397003746
0 0.08625 0.45318352059925093 0.0475 0.06741573033707865
0 0.16 0.5093632958801498 0.04 0.052434456928838954
0 0.30625 0.5224719101123596 0.0325 0.056179775280898875
0 0.2325 0.5374531835205992 0.025 0.04868913857677903
0 0.26625 0.5692883895131086 0.0275 0.0449438202247191
0 0.6375 0.5374531835205992 0.03 0.04868913857677903
2 0.62375 0.6610486891385767 0.0225 0.04119850187265917
0 0.7725 0.41385767790262173 0.04 0.07865168539325842
0 0.84875 0.43820224719101125 0.0375 0.0749063670411985
0 0.92625 0.30711610486891383 0.0625 0.12734082397003746
