0 0.09 0.301498127340824 0.06 0.09363295880149813
1 0.2425 0.3595505617977528 0.05 0.0749063670411985
0 0.345 0.2696629213483146 0.055 0.0898876404494382
0 0.3675 0.6835205992509363 0.105 0.19850187265917604
0 0.40875 0.4756554307116105 0.0875 0.1348314606741573
0 0.53375 0.2565543071161049 0.0325 0.06367041198501873
0 0.61625 0.4344569288389513 0.0925 0.15730337078651685
1 0.67375 0.20599250936329588 0.0375 0.0749063670411985
0 0.69625 0.3052434456928839 0.0475 0.07865168539325842
0 0.7725 0.449438202247191 0.06 0.09737827715355805
0 0.79375 0.2808988764044944 0.0525 0.08239700374531835
0 0.8925 0.5262172284644194 0.12 0.16853932584269662
0 0.93 0.21161048689138576 0.04 0.06367041198501873
0 0.87375 0.2153558052434457 0.0425 0.07116104868913857
0 0.02875 0.6104868913857678 0.0575 0.1198501872659176
