2 0.10125 0.25775193798449614 0.0675 0.1124031007751938
0 0.235 0.21124031007751937 0.045 0.07364341085271318
0 0.2725 0.2131782945736434 0.035 0.05426356589147287
0 0.34125 0.19186046511627908 0.0375 0.06589147286821706
0 0.2125 0.4108527131782946 0.07 0.10852713178294573
0 0.3125 0.5290697674418605 0.1 0.16666666666666666
0 0.39125 0.20736434108527133 0.0275 0.050387596899224806
0 0.415 0.24224806201550386 0.035 0.05813953488372093
0 0.4825 0.29844961240310075 0.05 0.10852713178294573
0 0.5475 0.21705426356589147 0.035 0.07751937984496124
0 0.6725 0.43410852713178294 0.09 0.13953488372093023
0 0.88 0.8643410852713178 0.165 0.24806201550387597
0 0.77 0.28294573643410853 0.06 0.09302325581395349
