0 0.045 0.5916666666666667 0.075 0.11
0 0.08375 0.43 0.0375 0.06
0 0.1175 0.395 0.025 0.043333333333333335
0 0.19625 0.43 0.0375 0.04666666666666667
0 0.23375 0.36333333333333334 0.0275 0.04666666666666667
0 0.17125 0.35 0.0225 0.03333333333333333
0 0.28625 0.5316666666666666 0.1075 0.17
0 0.4025 0.39 0.025 0.03333333333333333
0 0.28875 0.355 0.0225 0.03
0 0.4425 0.455 0.04 0.056666666666666664
0 0.5425 0.445 0.06 0.09
0 0.49125 0.3933333333333333 0.0175 0.03333333333333333
0 0.4475 0.385 0.02 0.023333333333333334
0 0.58375 0.355 0.0275 0.03666666666666667
0 0.70125 0.395 0.0275 0.03
0 0.7475 0.445 0.025 0.03666666666666667
0 0.825 0.4483333333333333 0.05 0.07
0 0.89125 0.40166666666666667 0.0225 0.03666666666666667
0 0.98875 0.4666666666666667 0.0225 0.06666666666666667
0 0.66125 0.37 0.0125 0.02
0 0.70125 0.345 0.0175 0.023333333333333334
0 0.73 0.36333333333333334 0.015 0.02
0 0.77625 0.40166666666666667 0.0225 0.03666666666666667
0 0.96125 0.39166666666666666 0.0225 0.03666666666666667
0 0.98375 0.37166666666666665 0.0125 0.023333333333333334
