0 0.0825 0.22123893805309736 0.055 0.09734513274336283
0 0.1675 0.27876106194690264 0.045 0.08849557522123894
0 0.29875 0.1836283185840708 0.0325 0.06637168141592921
0 0.35125 0.2588495575221239 0.0575 0.11061946902654868
0 0.36625 0.1836283185840708 0.0375 0.06637168141592921
0 0.40625 0.2345132743362832 0.0425 0.08849557522123894
0 0.44875 0.4690265486725664 0.0575 0.09734513274336283
0 0.47625 0.22787610619469026 0.0325 0.06637168141592921
0 0.52875 0.22123893805309736 0.0325 0.07964601769911504
0 0.5625 0.2323008849557522 0.045 0.09292035398230089
0 0.6125 0.26327433628318586 0.04 0.0752212389380531
0 0.6525 0.3030973451327434 0.05 0.09292035398230089
0 0.71125 0.32079646017699115 0.0575 0.10176991150442478
0 0.76375 0.21017699115044247 0.0425 0.084070796460177
2 0.8075 0.21238938053097345 0.04 0.061946902654867256
0 0.8825 0.18805309734513273 0.045 0.09292035398230089
0 0.94 0.21238938053097345 0.045 0.09734513274336283
0 0.84 0.21017699115044247 0.025 0.05752212389380531
