0 0.08203125 0.2323529411764706 0.08984375 0.15294117647058825
0 0.1669921875 0.3897058823529412 0.142578125 0.20294117647058824
0 0.40234375 0.36323529411764705 0.07421875 0.10294117647058823
0 0.4365234375 0.21323529411764705 0.068359375 0.08529411764705883
0 0.4580078125 0.2911764705882353 0.060546875 0.11176470588235295
0 0.533203125 0.2647058823529412 0.1171875 0.16470588235294117
0 0.677734375 0.26323529411764707 0.0703125 0.10294117647058823
2 0.6474609375 0.125 0.048828125 0.07352941176470588
2 0.7392578125 0.20294117647058824 0.048828125 0.07647058823529412
0 0.8115234375 0.275 0.072265625 0.12058823529411765
0 0.88671875 0.4426470588235294 0.11328125 0.15588235294117647
0 0.8857421875 0.2411764705882353 0.056640625 0.08235294117647059
0 0.859375 0.12058823529411765 0.0546875 0.07647058823529412
