0 0.08625 0.4711111111111111 0.0475 0.13333333333333333
0 0.28375 0.44 0.0425 0.10666666666666667
0 0.33375 0.5 0.0625 0.10222222222222223
0 0.3975 0.3688888888888889 0.045 0.09777777777777778
2 0.44625 0.3888888888888889 0.0575 0.1111111111111111
0 0.5075 0.5022222222222222 0.08 0.16
2 0.50125 0.3022222222222222 0.0475 0.08888888888888889
2 0.58125 0.28444444444444444 0.0525 0.10666666666666667
2 0.7025 0.3422222222222222 0.05 0.09777777777777778
0 0.6725 0.46 0.05 0.10222222222222223
0 0.74375 0.44 0.0525 0.12444444444444444
0 0.89125 0.35777777777777775 0.0475 0.09333333333333334
1 0.79 0.48444444444444446 0.07 0.12444444444444444
2 0.9575 0.39111111111111113 0.065 0.10666666666666667
2 0.18375 0.36 0.0325 0.06222222222222222
2 0.81625 0.34 0.0325 0.06666666666666667
0 0.93 0.32222222222222224 0.03 0.057777777777777775
