0 0.3875 0.6066666666666667 0.165 0.23333333333333334
0 0.07125 0.875 0.1425 0.21666666666666667
0 0.095 0.30333333333333334 0.12 0.16666666666666666
0 0.34 0.315 0.115 0.14333333333333334
0 0.66 0.3566666666666667 0.145 0.18666666666666668
0 0.52875 0.17833333333333334 0.1075 0.16333333333333333
0 0.74375 0.10166666666666667 0.0975 0.14333333333333334
0 0.02625 0.3333333333333333 0.0525 0.11333333333333333
0 0.87125 0.11666666666666667 0.0975 0.12
0 0.6475 0.09833333333333333 0.07 0.11666666666666667
2 0.44125 0.19666666666666666 0.0725 0.10666666666666667
2 0.91375 0.2816666666666667 0.1375 0.17666666666666667
