0 0.0325 0.35333333333333333 0.065 0.1288888888888889
0 0.0775 0.26222222222222225 0.065 0.12444444444444444
2 0.22375 0.21777777777777776 0.0725 0.10666666666666667
0 0.345 0.20222222222222222 0.05 0.08444444444444445
0 0.41875 0.18888888888888888 0.0725 0.08444444444444445
0 0.4125 0.3377777777777778 0.075 0.11555555555555555
0 0.18 0.37555555555555553 0.11 0.19111111111111112
0 0.5275 0.34444444444444444 0.085 0.1288888888888889
0 0.815 0.4177777777777778 0.09 0.16
2 0.6725 0.2511111111111111 0.07 0.1111111111111111
