0 0.11875 0.6142322097378277 0.0725 0.0898876404494382
0 0.2475 0.5617977528089888 0.06 0.09737827715355805
0 0.3825 0.8239700374531835 0.075 0.10486891385767791
0 0.3125 0.5393258426966292 0.05 0.0749063670411985
0 0.3575 0.41760299625468167 0.045 0.07116104868913857
1 0.26875 0.36704119850187267 0.0375 0.0599250936329588
0 0.16125 0.4400749063670412 0.0375 0.07116104868913857
0 0.15 0.36142322097378277 0.025 0.04868913857677903
0 0.21 0.3202247191011236 0.025 0.04119850187265917
0 0.47125 0.4737827715355805 0.0675 0.09363295880149813
0 0.53125 0.39325842696629215 0.0425 0.0749063670411985
0 0.7675 0.46441947565543074 0.085 0.11235955056179775
0 0.9325 0.5318352059925093 0.04 0.0898876404494382
0 0.625 0.35767790262172283 0.025 0.07116104868913857
0 0.55875 0.2602996254681648 0.0375 0.06367041198501873
0 0.46375 0.2303370786516854 0.0325 0.04868913857677903
0 0.3125 0.25842696629213485 0.025 0.052434456928838954
0 0.09375 0.3389513108614232 0.0225 0.06367041198501873
0 0.07375 0.28277153558052437 0.0225 0.04868913857677903
0 0.15125 0.24906367041198502 0.0325 0.056179775280898875
0 0.22625 0.21348314606741572 0.0225 0.03745318352059925
