0 0.0225 0.24778761061946902 0.035 0.07079646017699115
0 0.13375 0.11061946902654868 0.0625 0.13274336283185842
0 0.26 0.3252212389380531 0.025 0.0752212389380531
1 0.3725 0.3274336283185841 0.03 0.061946902654867256
0 0.4075 0.1504424778761062 0.035 0.09734513274336283
0 0.51625 0.168141592920354 0.0275 0.08849557522123894
0 0.505 0.23008849557522124 0.03 0.07079646017699115
0 0.65625 0.22787610619469026 0.0375 0.0752212389380531
0 0.705 0.23672566371681417 0.035 0.0752212389380531
0 0.77 0.29867256637168144 0.02 0.048672566371681415
0 0.8175 0.24557522123893805 0.04 0.0752212389380531
0 0.89125 0.2721238938053097 0.0325 0.06637168141592921
0 0.92625 0.2743362831858407 0.0275 0.07079646017699115
