2 0.04375 0.7209737827715356 0.0225 0.06367041198501873
0 0.0975 0.7303370786516854 0.045 0.0749063670411985
0 0.175 0.6985018726591761 0.02 0.04868913857677903
0 0.26125 0.7546816479400749 0.0425 0.06367041198501873
2 0.32625 0.5674157303370787 0.0275 0.04868913857677903
0 0.35375 0.5842696629213483 0.0375 0.052434456928838954
1 0.39625 0.5973782771535581 0.0325 0.04119850187265917
2 0.37 0.6647940074906367 0.035 0.056179775280898875
0 0.3225 0.700374531835206 0.04 0.052434456928838954
0 0.415 0.6760299625468165 0.04 0.06367041198501873
0 0.45625 0.6254681647940075 0.0375 0.06741573033707865
0 0.54875 0.5936329588014981 0.0325 0.04868913857677903
0 0.50375 0.700374531835206 0.0425 0.06741573033707865
0 0.5275 0.7734082397003745 0.045 0.07865168539325842
0 0.6 0.5823970037453183 0.04 0.06367041198501873
2 0.575 0.9625468164794008 0.05 0.0749063670411985
0 0.5675 0.4850187265917603 0.03 0.04119850187265917
0 0.5125 0.449438202247191 0.025 0.0449438202247191
0 0.61625 0.49063670411985016 0.0275 0.0449438202247191
0 0.72875 0.41385767790262173 0.0275 0.04119850187265917
0 0.7875 0.4250936329588015 0.02 0.033707865168539325
0 0.90625 0.50187265917603 0.0275 0.03745318352059925
