0 0.12 0.6123595505617978 0.075 0.08614232209737828
0 0.24625 0.5617977528089888 0.0625 0.08239700374531835
0 0.3125 0.5337078651685393 0.05 0.07865168539325842
0 0.38125 0.8239700374531835 0.0775 0.10486891385767791
0 0.47375 0.47191011235955055 0.0675 0.0898876404494382
0 0.76875 0.46254681647940077 0.0825 0.10861423220973783
0 0.93375 0.5337078651685393 0.0425 0.07865168539325842
0 0.53 0.3913857677902622 0.04 0.07865168539325842
0 0.62375 0.35580524344569286 0.0275 0.06741573033707865
0 0.56125 0.26217228464419473 0.0375 0.0599250936329588
0 0.4625 0.2303370786516854 0.03 0.04868913857677903
0 0.16125 0.4438202247191011 0.0375 0.07116104868913857
1 0.27 0.36891385767790263 0.04 0.04868913857677903
0 0.14875 0.36329588014981273 0.0275 0.0449438202247191
0 0.355 0.41947565543071164 0.045 0.0599250936329588
0 0.3125 0.2602996254681648 0.025 0.04868913857677903
0 0.15125 0.25280898876404495 0.0275 0.04868913857677903
0 0.20875 0.3202247191011236 0.0275 0.04119850187265917
0 0.095 0.34269662921348315 0.025 0.04119850187265917
0 0.07625 0.28277153558052437 0.0225 0.033707865168539325
0 0.22375 0.2153558052434457 0.0225 0.033707865168539325
