1 0.11875 0.44026548672566373 0.1425 0.2610619469026549
0 0.4325 0.6283185840707964 0.12 0.25663716814159293
0 0.5375 0.7522123893805309 0.075 0.19469026548672566
0 0.66375 0.7898230088495575 0.1275 0.2345132743362832
0 0.81625 0.7168141592920354 0.0925 0.20353982300884957
0 0.655 0.36504424778761063 0.065 0.14601769911504425
0 0.72125 0.3230088495575221 0.0675 0.12389380530973451
0 0.51125 0.26327433628318586 0.0475 0.11061946902654868
0 0.55875 0.2013274336283186 0.0525 0.10176991150442478
0 0.47625 0.334070796460177 0.0675 0.10176991150442478
0 0.59875 0.07964601769911504 0.0425 0.07079646017699115
0 0.6825 0.05309734513274336 0.04 0.061946902654867256
0 0.535 0.06415929203539823 0.04 0.06637168141592921
