0 0.08875 0.449438202247191 0.0975 0.12734082397003746
0 0.17125 0.352059925093633 0.0875 0.12734082397003746
1 0.215 0.27715355805243447 0.075 0.14232209737827714
0 0.3975 0.33707865168539325 0.09 0.1348314606741573
0 0.48625 0.27153558052434457 0.0775 0.13108614232209737
0 0.62875 0.3052434456928839 0.0625 0.10861423220973783
0 0.705 0.2958801498127341 0.08 0.1348314606741573
0 0.85125 0.1760299625468165 0.0475 0.10486891385767791
0 0.965 0.18726591760299627 0.05 0.0898876404494382
1 0.535 0.9400749063670412 0.08 0.11235955056179775
