0 0.05375 0.023809523809523808 0.0575 0.047619047619047616
0 0.325 0.06227106227106227 0.055 0.08058608058608059
0 0.2575 0.17216117216117216 0.055 0.08791208791208792
2 0.42375 0.06593406593406594 0.0475 0.07326007326007326
0 0.34625 0.18864468864468864 0.0675 0.11355311355311355
0 0.06375 0.6978021978021978 0.1225 0.31135531135531136
2 0.59125 0.2087912087912088 0.0375 0.07326007326007326
2 0.5525 0.26373626373626374 0.06 0.08791208791208792
0 0.495 0.4194139194139194 0.075 0.12087912087912088
0 0.68875 0.1391941391941392 0.0575 0.10256410256410256
0 0.82875 0.1978021978021978 0.0475 0.08791208791208792
0 0.78 0.47802197802197804 0.075 0.10622710622710622
0 0.935 0.3534798534798535 0.06 0.08424908424908426
