2 0.02125 0.215 0.0375 0.06333333333333334
2 0.0675 0.18666666666666668 0.05 0.07333333333333333
2 0.13 0.17833333333333334 0.035 0.056666666666666664
2 0.135 0.235 0.025 0.07666666666666666
2 0.0625 0.39166666666666666 0.035 0.06333333333333334
0 0.0925 0.5133333333333333 0.06 0.1
1 0.14625 0.6233333333333333 0.0625 0.10666666666666667
2 0.28375 0.9533333333333334 0.0875 0.09333333333333334
2 0.28375 0.04666666666666667 0.0325 0.05333333333333334
2 0.29625 0.16333333333333333 0.0425 0.07333333333333333
2 0.3475 0.205 0.035 0.07666666666666666
2 0.38125 0.21833333333333332 0.0325 0.07666666666666666
2 0.2625 0.37833333333333335 0.045 0.07
0 0.3325 0.5366666666666666 0.05 0.09333333333333334
0 0.415 0.5316666666666666 0.045 0.09
2 0.4975 0.20666666666666667 0.035 0.06
2 0.5325 0.20833333333333334 0.03 0.06333333333333334
0 0.58625 0.26 0.0325 0.1
2 0.67375 0.13 0.0475 0.09333333333333334
2 0.75625 0.16 0.0375 0.06666666666666667
0 0.885 0.15666666666666668 0.055 0.09333333333333334
0 0.87125 0.31166666666666665 0.0525 0.11666666666666667
2 0.28625 0.051666666666666666 0.0375 0.043333333333333335
