2 0.0375 0.2303370786516854 0.045 0.07865168539325842
0 0.0975 0.28277153558052437 0.07 0.13857677902621723
0 0.15875 0.27715355805243447 0.0325 0.0449438202247191
0 0.30375 0.2340823970037453 0.0575 0.10112359550561797
0 0.35125 0.2696629213483146 0.0375 0.0749063670411985
0 0.5325 0.29213483146067415 0.04 0.0749063670411985
2 0.5825 0.24531835205992508 0.04 0.07865168539325842
0 0.6275 0.31647940074906367 0.045 0.07865168539325842
0 0.7925 0.34269662921348315 0.055 0.09363295880149813
2 0.4 0.35767790262172283 0.03 0.04119850187265917
0 0.94625 0.2303370786516854 0.0225 0.033707865168539325
0 0.70625 0.23782771535580524 0.0275 0.04868913857677903
