2 0.10875 0.08801498127340825 0.0425 0.07116104868913857
2 0.1775 0.2153558052434457 0.05 0.07116104868913857
2 0.1675 0.37453183520599254 0.055 0.08239700374531835
0 0.13625 0.550561797752809 0.0525 0.0749063670411985
2 0.4725 0.15168539325842698 0.045 0.07116104868913857
0 0.42875 0.3052434456928839 0.0525 0.07116104868913857
0 0.47 0.40262172284644193 0.05 0.07116104868913857
0 0.445 0.5767790262172284 0.055 0.08239700374531835
0 0.74125 0.06367041198501873 0.0475 0.06741573033707865
0 0.82125 0.1647940074906367 0.0525 0.06741573033707865
2 0.8075 0.2902621722846442 0.045 0.056179775280898875
2 0.70375 0.42696629213483145 0.0475 0.0749063670411985
0 0.79375 0.6254681647940075 0.0525 0.0449438202247191
