0 0.25375 0.20588235294117646 0.0525 0.08088235294117647
0 0.39125 0.23897058823529413 0.0325 0.051470588235294115
2 0.43 0.21875 0.035 0.05514705882352941
2 0.4525 0.2959558823529412 0.035 0.04044117647058824
1 0.5 0.23897058823529413 0.035 0.0661764705882353
0 0.6075 0.21323529411764705 0.025 0.04411764705882353
0 0.6425 0.29411764705882354 0.035 0.0661764705882353
0 0.74625 0.28860294117647056 0.0375 0.07720588235294118
2 0.825 0.2426470588235294 0.05 0.08088235294117647
0 0.91125 0.2867647058823529 0.0525 0.08823529411764706
2 0.3375 0.29411764705882354 0.03 0.03676470588235294
