0 0.0875 0.3295880149812734 0.04 0.08239700374531835
0 0.41875 0.27715355805243447 0.0425 0.06741573033707865
0 0.44875 0.15730337078651685 0.0325 0.0749063670411985
0 0.52125 0.18352059925093633 0.0375 0.0749063670411985
2 0.605 0.18352059925093633 0.03 0.06741573033707865
1 0.6425 0.20411985018726592 0.045 0.08614232209737828
0 0.76 0.1704119850187266 0.035 0.06367041198501873
0 0.8475 0.2247191011235955 0.035 0.0749063670411985
0 0.95 0.20411985018726592 0.03 0.06367041198501873
1 0.98125 0.20037453183520598 0.0375 0.07865168539325842
