0 0.0175 0.5177777777777778 0.025 0.04888888888888889
0 0.07625 0.8066666666666666 0.0225 0.04
0 0.07375 0.4955555555555556 0.0275 0.04888888888888889
0 0.13875 0.5044444444444445 0.0275 0.057777777777777775
2 0.11875 0.6311111111111111 0.0275 0.05333333333333334
2 0.16625 0.7133333333333334 0.0225 0.04888888888888889
0 0.13375 0.37555555555555553 0.0275 0.04888888888888889
0 0.185 0.3844444444444444 0.015 0.04888888888888889
2 0.1475 0.27111111111111114 0.025 0.044444444444444446
0 0.0925 0.15555555555555556 0.02 0.044444444444444446
0 0.27375 0.6888888888888889 0.0325 0.06222222222222222
0 0.34 0.8977777777777778 0.035 0.06222222222222222
0 0.30375 0.6244444444444445 0.0275 0.057777777777777775
2 0.29875 0.48444444444444446 0.0225 0.044444444444444446
0 0.27625 0.41555555555555557 0.0225 0.04888888888888889
0 0.37375 0.4911111111111111 0.0225 0.04888888888888889
0 0.39375 0.7 0.0325 0.057777777777777775
0 0.43 0.8155555555555556 0.03 0.06666666666666667
0 0.39875 0.8022222222222222 0.0325 0.06666666666666667
0 0.4825 0.9177777777777778 0.02 0.04888888888888889
0 0.4925 0.6577777777777778 0.03 0.06222222222222222
0 0.475 0.6066666666666667 0.035 0.04
0 0.4525 0.45555555555555555 0.03 0.04888888888888889
0 0.36 0.37555555555555553 0.03 0.04888888888888889
0 0.2325 0.26222222222222225 0.025 0.035555555555555556
2 0.22125 0.2222222222222222 0.0225 0.044444444444444446
2 0.27875 0.2733333333333333 0.0275 0.04888888888888889
2 0.31375 0.24666666666666667 0.0225 0.04
0 0.3825 0.27555555555555555 0.025 0.044444444444444446
0 0.36125 0.2088888888888889 0.0275 0.044444444444444446
0 0.2775 0.08222222222222222 0.02 0.04
0 0.31375 0.051111111111111114 0.0175 0.04
0 0.34 0.16666666666666666 0.02 0.04
0 0.41625 0.16 0.0225 0.035555555555555556
0 0.255 0.20666666666666667 0.02 0.04
0 0.43875 0.37777777777777777 0.0275 0.044444444444444446
0 0.475 0.32 0.025 0.05333333333333334
0 0.5075 0.36666666666666664 0.025 0.04888888888888889
0 0.51875 0.48444444444444446 0.0225 0.044444444444444446
0 0.6325 0.88 0.035 0.06222222222222222
0 0.67625 0.9688888888888889 0.0375 0.06222222222222222
0 0.62375 0.5733333333333334 0.0275 0.044444444444444446
0 0.63125 0.4066666666666667 0.0275 0.04
0 0.5625 0.3844444444444444 0.025 0.04888888888888889
0 0.58125 0.3488888888888889 0.0225 0.04
0 0.5875 0.2822222222222222 0.02 0.04
0 0.53125 0.20666666666666667 0.0225 0.04
0 0.33125 0.017777777777777778 0.0175 0.035555555555555556
2 0.42 0.04888888888888889 0.015 0.035555555555555556
0 0.45125 0.03333333333333333 0.0225 0.04
0 0.52 0.07777777777777778 0.02 0.04
0 0.56375 0.03111111111111111 0.0175 0.035555555555555556
0 0.6525 0.14 0.02 0.04
2 0.675 0.11333333333333333 0.02 0.03111111111111111
0 0.66375 0.28444444444444444 0.0225 0.035555555555555556
0 0.70125 0.39555555555555555 0.0225 0.044444444444444446
0 0.73125 0.6155555555555555 0.0325 0.057777777777777775
0 0.7275 0.44666666666666666 0.025 0.04888888888888889
0 0.75125 0.4955555555555556 0.0275 0.04888888888888889
0 0.765 0.42 0.025 0.04888888888888889
0 0.76 0.5888888888888889 0.025 0.04888888888888889
0 0.70875 0.07555555555555556 0.0175 0.035555555555555556
0 0.67 0.017777777777777778 0.02 0.035555555555555556
0 0.735 0.017777777777777778 0.015 0.035555555555555556
0 0.77 0.035555555555555556 0.015 0.035555555555555556
2 0.77125 0.08 0.0175 0.035555555555555556
2 0.74375 0.16 0.0175 0.035555555555555556
0 0.81125 0.2088888888888889 0.0225 0.044444444444444446
0 0.865 0.11555555555555555 0.02 0.035555555555555556
2 0.87625 0.015555555555555555 0.0175 0.03111111111111111
0 0.91 0.1111111111111111 0.02 0.035555555555555556
0 0.89625 0.18444444444444444 0.0225 0.04
0 0.89 0.26222222222222225 0.025 0.044444444444444446
0 0.8575 0.29333333333333333 0.02 0.044444444444444446
0 0.91125 0.3111111111111111 0.0225 0.044444444444444446
0 0.9525 0.2511111111111111 0.015 0.03111111111111111
0 0.92375 0.38 0.0275 0.04888888888888889
0 0.95625 0.4577777777777778 0.0275 0.044444444444444446
0 0.96875 0.3088888888888889 0.0225 0.04888888888888889
0 0.85875 0.07777777777777778 0.0175 0.03111111111111111
0 0.98875 0.6777777777777778 0.0225 0.057777777777777775
0 0.9875 0.5866666666666667 0.025 0.05333333333333334
0 0.94 0.5133333333333333 0.025 0.04
