0 0.66875 0.6575342465753424 0.1225 0.1917808219178082
0 0.8025 0.5582191780821918 0.135 0.19863013698630136
0 0.94125 0.4537671232876712 0.0625 0.10616438356164383
0 0.8275 0.2568493150684932 0.07 0.08904109589041095
0 0.93 0.2208904109589041 0.035 0.07191780821917808
0 0.68625 0.363013698630137 0.0825 0.11643835616438356
0 0.63125 0.1969178082191781 0.0475 0.07876712328767123
0 0.5625 0.4503424657534247 0.075 0.11301369863013698
0 0.3675 0.4554794520547945 0.075 0.1232876712328767
0 0.50875 0.363013698630137 0.0625 0.0821917808219178
0 0.25125 0.4195205479452055 0.0625 0.07876712328767123
0 0.1175 0.5256849315068494 0.075 0.11986301369863013
0 0.05125 0.3801369863013699 0.0575 0.0821917808219178
0 0.24 0.2226027397260274 0.06 0.07534246575342465
0 0.3575 0.1695205479452055 0.055 0.07876712328767123
0 0.47875 0.21746575342465754 0.0325 0.05821917808219178
0 0.5325 0.2551369863013699 0.035 0.06506849315068493
0 0.1425 0.17294520547945205 0.06 0.07876712328767123
