0 0.0675 0.5973782771535581 0.035 0.06367041198501873
0 0.155 0.5411985018726592 0.02 0.04119850187265917
0 0.19375 0.6254681647940075 0.0375 0.052434456928838954
0 0.30375 0.5074906367041199 0.0525 0.09363295880149813
0 0.43 0.5973782771535581 0.04 0.08614232209737828
0 0.585 0.5580524344569289 0.035 0.0599250936329588
0 0.6175 0.5374531835205992 0.02 0.033707865168539325
2 0.65625 0.5393258426966292 0.0175 0.0299625468164794
0 0.73875 0.5955056179775281 0.0375 0.052434456928838954
1 0.88625 0.5318352059925093 0.0475 0.08239700374531835
0 0.77375 0.5299625468164794 0.0175 0.026217228464419477
