0 0.07375 0.06928838951310862 0.0275 0.04868913857677903
0 0.14875 0.054307116104868915 0.0275 0.04119850187265917
0 0.31125 0.08614232209737828 0.0275 0.0599250936329588
0 0.43 0.031835205992509365 0.03 0.04868913857677903
0 0.0675 0.20411985018726592 0.035 0.056179775280898875
0 0.1475 0.1704119850187266 0.035 0.04868913857677903
0 0.28125 0.16292134831460675 0.0325 0.056179775280898875
0 0.30375 0.2303370786516854 0.0325 0.04868913857677903
0 0.2425 0.3089887640449438 0.035 0.04868913857677903
0 0.08 0.2940074906367041 0.04 0.056179775280898875
0 0.03625 0.36329588014981273 0.0375 0.0599250936329588
0 0.10625 0.41385767790262173 0.0375 0.04868913857677903
0 0.10375 0.4850187265917603 0.0325 0.06367041198501873
0 0.165 0.5168539325842697 0.035 0.0599250936329588
0 0.17375 0.599250936329588 0.0475 0.06741573033707865
0 0.12625 0.799625468164794 0.0475 0.06367041198501873
0 0.15125 0.9250936329588015 0.0475 0.0749063670411985
0 0.25375 0.8726591760299626 0.0475 0.0599250936329588
0 0.32875 0.5037453183520599 0.0425 0.056179775280898875
0 0.34875 0.3595505617977528 0.0325 0.052434456928838954
0 0.37875 0.8202247191011236 0.0475 0.0749063670411985
0 0.4425 0.5636704119850188 0.04 0.07116104868913857
0 0.5025 0.10112359550561797 0.03 0.03745318352059925
0 0.52625 0.15917602996254682 0.0325 0.04868913857677903
0 0.59 0.11423220973782772 0.03 0.04868913857677903
0 0.56375 0.20411985018726592 0.0325 0.04868913857677903
0 0.66 0.19288389513108614 0.035 0.04868913857677903
0 0.63375 0.25280898876404495 0.0375 0.06367041198501873
0 0.59875 0.4044943820224719 0.0375 0.0599250936329588
0 0.55125 0.4943820224719101 0.0375 0.06741573033707865
0 0.7175 0.7940074906367042 0.045 0.0749063670411985
0 0.77125 0.3782771535580524 0.0375 0.06741573033707865
0 0.8 0.548689138576779 0.04 0.06367041198501873
0 0.78875 0.04681647940074907 0.0325 0.04119850187265917
0 0.815 0.028089887640449437 0.025 0.04868913857677903
2 0.92625 0.06367041198501873 0.0275 0.052434456928838954
0 0.84 0.11797752808988764 0.035 0.04119850187265917
0 0.9575 0.352059925093633 0.04 0.0449438202247191
0 0.89875 0.4943820224719101 0.0375 0.0599250936329588
0 0.9225 0.6872659176029963 0.035 0.06367041198501873
0 0.95375 0.7397003745318352 0.0525 0.056179775280898875
