2 0.12625 0.20952380952380953 0.0275 0.05714285714285714
2 0.265 0.26666666666666666 0.03 0.06666666666666667
2 0.4975 0.2 0.03 0.08571428571428572
2 0.59 0.1523809523809524 0.035 0.08571428571428572
2 0.65125 0.2833333333333333 0.0475 0.09047619047619047
2 0.75 0.2119047619047619 0.03 0.05238095238095238
2 0.715 0.22142857142857142 0.025 0.05238095238095238
2 0.68 0.22857142857142856 0.03 0.06666666666666667
2 0.65875 0.1738095238095238 0.0275 0.05238095238095238
2 0.8575 0.18095238095238095 0.035 0.0761904761904762
