0 0.84625 0.16666666666666666 0.0575 0.09363295880149813
1 0.93625 0.301498127340824 0.0475 0.08614232209737828
0 0.645 0.19850187265917604 0.05 0.0749063670411985
0 0.71125 0.2940074906367041 0.0375 0.06367041198501873
0 0.0925 0.21161048689138576 0.045 0.07865168539325842
1 0.11875 0.2808988764044944 0.0575 0.09737827715355805
1 0.47875 0.19850187265917604 0.0675 0.10486891385767791
2 0.19625 0.2940074906367041 0.0575 0.09363295880149813
2 0.0225 0.20224719101123595 0.045 0.06741573033707865
2 0.36375 0.24719101123595505 0.0475 0.0749063670411985
2 0.60375 0.21910112359550563 0.0375 0.06367041198501873
2 0.7275 0.15543071161048688 0.05 0.07116104868913857
2 0.23875 0.23220973782771537 0.0375 0.06741573033707865
