0 0.23 0.3383838383838384 0.06 0.1111111111111111
0 0.30125 0.25757575757575757 0.0775 0.15151515151515152
0 0.4075 0.36363636363636365 0.07 0.15151515151515152
0 0.355 0.6641414141414141 0.065 0.14646464646464646
0 0.4675 0.23232323232323232 0.05 0.13131313131313133
0 0.5325 0.19696969696969696 0.05 0.12121212121212122
0 0.48 0.8712121212121212 0.065 0.13636363636363635
0 0.73375 0.25 0.0775 0.16666666666666666
0 0.90375 0.07323232323232323 0.0775 0.14646464646464646
0 0.96875 0.11616161616161616 0.0625 0.1717171717171717
