0 0.09625 0.75 0.1725 0.3230088495575221
0 0.2625 0.6150442477876106 0.105 0.19469026548672566
2 0.30125 0.37831858407079644 0.0675 0.11061946902654868
0 0.41125 0.5132743362831859 0.0875 0.1504424778761062
2 0.47625 0.35398230088495575 0.0375 0.12389380530973451
0 0.5475 0.4225663716814159 0.11 0.2168141592920354
0 0.64375 0.42035398230088494 0.0875 0.18584070796460178
2 0.67375 0.13716814159292035 0.0475 0.08849557522123894
0 0.865 0.21238938053097345 0.05 0.07964601769911504
0 0.91875 0.18141592920353983 0.0575 0.10619469026548672
0 0.74 0.3141592920353982 0.05 0.08849557522123894
0 0.7825 0.41814159292035397 0.075 0.14601769911504425
0 0.96 0.43805309734513276 0.07 0.1415929203539823
0 0.75375 0.9092920353982301 0.1375 0.17256637168141592
0 0.4425 0.10176991150442478 0.035 0.061946902654867256
2 0.59625 0.13495575221238937 0.0325 0.0752212389380531
2 0.7775 0.048672566371681415 0.035 0.05309734513274336
