0 0.07 0.91796875 0.11 0.1640625
0 0.94125 0.4375 0.0825 0.109375
0 0.19375 0.796875 0.0725 0.1171875
0 0.30375 0.7421875 0.1325 0.234375
0 0.495 0.615234375 0.08 0.16796875
0 0.32125 0.2421875 0.0475 0.078125
0 0.4 0.11328125 0.04 0.0625
0 0.42375 0.248046875 0.0375 0.07421875
0 0.49875 0.140625 0.0325 0.046875
0 0.5925 0.154296875 0.04 0.06640625
0 0.565 0.375 0.04 0.0703125
0 0.6925 0.5625 0.105 0.1640625
0 0.75625 0.193359375 0.0375 0.05859375
2 0.8475 0.34375 0.04 0.0625
2 0.665 0.201171875 0.04 0.06640625
2 0.4475 0.45703125 0.05 0.078125
