0 0.195 0.4469026548672566 0.08 0.1504424778761062
2 0.39125 0.6128318584070797 0.1425 0.29646017699115046
0 0.09125 0.3407079646017699 0.0625 0.12389380530973451
1 0.16625 0.17699115044247787 0.0475 0.10619469026548672
2 0.22125 0.32964601769911506 0.0575 0.09292035398230089
0 0.2825 0.2588495575221239 0.055 0.084070796460177
0 0.34875 0.23893805309734514 0.0625 0.08849557522123894
0 0.42625 0.2853982300884956 0.0525 0.084070796460177
0 0.4725 0.3561946902654867 0.06 0.11061946902654868
0 0.5475 0.3672566371681416 0.07 0.08849557522123894
2 0.46375 0.17035398230088494 0.0375 0.0752212389380531
0 0.38 0.09734513274336283 0.025 0.04424778761061947
0 0.46625 0.08185840707964602 0.0275 0.048672566371681415
0 0.675 0.4557522123893805 0.095 0.1592920353982301
0 0.13 0.20353982300884957 0.04 0.08849557522123894
0 0.26625 0.18141592920353983 0.0475 0.07079646017699115
0 0.57625 0.05752212389380531 0.0175 0.035398230088495575
0 0.7975 0.9004424778761062 0.07 0.1902654867256637
0 0.84 0.5398230088495575 0.09 0.17699115044247787
0 0.825 0.28761061946902655 0.07 0.10619469026548672
0 0.8175 0.4247787610619469 0.04 0.09734513274336283
0 0.7775 0.2079646017699115 0.045 0.10619469026548672
0 0.87 0.17256637168141592 0.035 0.07079646017699115
