0 0.2775 0.24719101123595505 0.03 0.0449438202247191
2 0.36 0.27340823970037453 0.04 0.052434456928838954
0 0.4875 0.23595505617977527 0.04 0.06741573033707865
0 0.615 0.2940074906367041 0.05 0.07116104868913857
0 0.71875 0.32771535580524347 0.0475 0.07116104868913857
0 0.8375 0.299625468164794 0.065 0.0898876404494382
0 0.97875 0.28651685393258425 0.0425 0.11610486891385768
0 0.2225 0.28277153558052437 0.025 0.04119850187265917
0 0.195 0.25842696629213485 0.025 0.0449438202247191
0 0.15625 0.2602996254681648 0.0225 0.04119850187265917
0 0.12125 0.2565543071161049 0.0275 0.033707865168539325
