0 0.0425 0.23220973782771537 0.08 0.14232209737827714
0 0.2425 0.37640449438202245 0.075 0.13108614232209737
0 0.415 0.44756554307116103 0.075 0.12359550561797752
0 0.575 0.40823970037453183 0.065 0.1348314606741573
0 0.705 0.40074906367041196 0.075 0.10486891385767791
0 0.82125 0.40636704119850187 0.0675 0.10112359550561797
0 0.875 0.3801498127340824 0.035 0.07865168539325842
2 0.92375 0.38764044943820225 0.0575 0.09363295880149813
2 0.505 0.3202247191011236 0.07 0.09363295880149813
2 0.64375 0.35767790262172283 0.0425 0.10861423220973783
