0 0.12875 0.048561151079136694 0.0175 0.025179856115107913
0 0.08875 0.19964028776978418 0.0225 0.03237410071942446
2 0.14 0.289568345323741 0.025 0.039568345323741004
0 0.13 0.37050359712230213 0.03 0.04316546762589928
0 0.1775 0.3776978417266187 0.02 0.04316546762589928
0 0.01625 0.48201438848920863 0.0275 0.04316546762589928
0 0.07125 0.46402877697841727 0.0275 0.03597122302158273
0 0.13125 0.4748201438848921 0.0325 0.04316546762589928
2 0.1125 0.5719424460431655 0.03 0.04316546762589928
0 0.075 0.7050359712230215 0.03 0.03597122302158273
2 0.16 0.6330935251798561 0.025 0.04316546762589928
0 0.3625 0.017985611510791366 0.02 0.02877697841726619
0 0.3525 0.05755395683453238 0.025 0.03597122302158273
0 0.31625 0.09352517985611511 0.0175 0.02877697841726619
0 0.30125 0.12050359712230216 0.0175 0.03237410071942446
0 0.26625 0.14928057553956833 0.0225 0.03237410071942446
0 0.245 0.2392086330935252 0.02 0.025179856115107913
2 0.2125 0.25 0.02 0.025179856115107913
0 0.2225 0.2841726618705036 0.02 0.02877697841726619
2 0.26625 0.289568345323741 0.0225 0.03237410071942446
0 0.26375 0.4028776978417266 0.0225 0.03597122302158273
2 0.285 0.45143884892086333 0.02 0.03237410071942446
1 0.29 0.5629496402877698 0.03 0.046762589928057555
0 0.26125 0.6133093525179856 0.0325 0.046762589928057555
0 0.325 0.7787769784172662 0.035 0.0539568345323741
0 0.245 0.9496402877697842 0.04 0.05755395683453238
0 0.45375 0.017985611510791366 0.0125 0.02158273381294964
0 0.41875 0.05755395683453238 0.0175 0.02877697841726619
0 0.3925 0.07014388489208633 0.02 0.025179856115107913
2 0.4025 0.11870503597122302 0.015 0.02877697841726619
0 0.43125 0.1079136690647482 0.0225 0.03597122302158273
0 0.325 0.20863309352517986 0.02 0.02877697841726619
0 0.3975 0.2068345323741007 0.02 0.03237410071942446
2 0.34625 0.24100719424460432 0.0225 0.03597122302158273
2 0.3 0.2715827338129496 0.02 0.03237410071942446
0 0.3675 0.2949640287769784 0.025 0.03597122302158273
0 0.3425 0.37050359712230213 0.025 0.02877697841726619
0 0.45375 0.3273381294964029 0.0225 0.03597122302158273
0 0.42125 0.3723021582733813 0.0275 0.03237410071942446
0 0.35625 0.46223021582733814 0.0225 0.039568345323741004
0 0.4325 0.43345323741007197 0.025 0.039568345323741004
0 0.37625 0.6241007194244604 0.0275 0.046762589928057555
0 0.38125 0.6996402877697842 0.0275 0.046762589928057555
0 0.41 0.7122302158273381 0.03 0.050359712230215826
0 0.4125 0.9388489208633094 0.04 0.05755395683453238
0 0.4625 0.7931654676258992 0.02 0.039568345323741004
0 0.47 0.5899280575539568 0.03 0.04316546762589928
0 0.455 0.5485611510791367 0.03 0.03237410071942446
0 0.4775 0.07014388489208633 0.015 0.025179856115107913
0 0.545 0.0341726618705036 0.015 0.025179856115107913
0 0.51 0.07913669064748201 0.015 0.014388489208633094
0 0.54 0.1079136690647482 0.02 0.02877697841726619
0 0.57375 0.06474820143884892 0.0175 0.02877697841726619
0 0.4975 0.1420863309352518 0.02 0.03237410071942446
0 0.53375 0.2014388489208633 0.0125 0.02158273381294964
0 0.5075 0.24100719424460432 0.025 0.02877697841726619
0 0.56125 0.30035971223021585 0.0225 0.03237410071942446
0 0.48625 0.36510791366906475 0.0225 0.039568345323741004
0 0.55625 0.35071942446043164 0.0225 0.03237410071942446
0 0.5375 0.3776978417266187 0.025 0.04316546762589928
0 0.49625 0.4568345323741007 0.0225 0.03597122302158273
0 0.62875 0.01079136690647482 0.0175 0.02158273381294964
0 0.64125 0.08992805755395683 0.0175 0.02877697841726619
0 0.6675 0.07014388489208633 0.015 0.025179856115107913
0 0.69375 0.08812949640287769 0.0125 0.025179856115107913
0 0.70375 0.09352517985611511 0.0175 0.02877697841726619
2 0.6775 0.13848920863309352 0.015 0.025179856115107913
0 0.73625 0.10971223021582734 0.0175 0.03237410071942446
2 0.73875 0.14388489208633093 0.0175 0.02877697841726619
0 0.71 0.20503597122302158 0.02 0.02877697841726619
2 0.645 0.17086330935251798 0.02 0.025179856115107913
1 0.62375 0.18884892086330934 0.0225 0.03237410071942446
0 0.63625 0.29856115107913667 0.0225 0.02877697841726619
0 0.605 0.39568345323741005 0.025 0.03597122302158273
0 0.67125 0.38669064748201437 0.0225 0.03237410071942446
0 0.5975 0.5251798561151079 0.03 0.03597122302158273
0 0.605 0.762589928057554 0.035 0.050359712230215826
0 0.54875 0.8723021582733813 0.0375 0.0539568345323741
0 0.6475 0.8309352517985612 0.035 0.050359712230215826
0 0.7675 0.012589928057553957 0.02 0.025179856115107913
0 0.82125 0.07733812949640288 0.0175 0.03237410071942446
2 0.84 0.09172661870503597 0.015 0.025179856115107913
0 0.8225 0.14388489208633093 0.015 0.02877697841726619
0 0.8275 0.17266187050359713 0.02 0.02877697841726619
0 0.77625 0.24100719424460432 0.0225 0.03597122302158273
0 0.82 0.30755395683453235 0.02 0.03237410071942446
0 0.6975 0.4262589928057554 0.025 0.039568345323741004
0 0.7325 0.4028776978417266 0.025 0.03597122302158273
0 0.71875 0.46402877697841727 0.0275 0.03597122302158273
0 0.7275 0.539568345323741 0.025 0.04316546762589928
0 0.7 0.5557553956834532 0.03 0.046762589928057555
0 0.75875 0.9172661870503597 0.0375 0.05755395683453238
0 0.90375 0.9784172661870504 0.0425 0.04316546762589928
0 0.9675 0.9838129496402878 0.04 0.03237410071942446
0 0.91 0.8075539568345323 0.035 0.046762589928057555
0 0.9425 0.7859712230215827 0.03 0.0539568345323741
0 0.945 0.6061151079136691 0.03 0.046762589928057555
0 0.945 0.5359712230215827 0.03 0.04316546762589928
0 0.99625 0.4910071942446043 0.0125 0.039568345323741004
0 0.89875 0.4784172661870504 0.0225 0.02158273381294964
0 0.915 0.4370503597122302 0.025 0.039568345323741004
0 0.8825 0.37589928057553956 0.025 0.039568345323741004
0 0.92625 0.32194244604316546 0.0225 0.039568345323741004
0 0.8725 0.3237410071942446 0.025 0.03597122302158273
0 0.8525 0.2841726618705036 0.02 0.03597122302158273
0 0.91 0.2751798561151079 0.015 0.025179856115107913
0 0.85625 0.22482014388489208 0.0225 0.03237410071942446
0 0.87125 0.16906474820143885 0.0175 0.02877697841726619
0 0.9625 0.18345323741007194 0.015 0.02877697841726619
0 0.98375 0.1079136690647482 0.0175 0.02877697841726619
0 0.89625 0.0737410071942446 0.0175 0.025179856115107913
0 0.87 0.04316546762589928 0.015 0.02877697841726619
0 0.93125 0.0539568345323741 0.0175 0.02158273381294964
2 0.95875 0.030575539568345324 0.0125 0.025179856115107913
2 0.995 0.07194244604316546 0.015 0.02158273381294964
