0 0.105 0.4307116104868914 0.035 0.0898876404494382
0 0.2 0.44569288389513106 0.02 0.0449438202247191
0 0.28125 0.46441947565543074 0.0275 0.0599250936329588
2 0.49875 0.40823970037453183 0.0325 0.0599250936329588
0 0.465 0.5730337078651685 0.055 0.09737827715355805
0 0.635 0.3782771535580524 0.025 0.052434456928838954
0 0.62125 0.5280898876404494 0.0575 0.08239700374531835
0 0.77875 0.4700374531835206 0.0375 0.04868913857677903
0 0.8675 0.4307116104868914 0.035 0.03745318352059925
1 0.8275 0.5805243445692884 0.05 0.0898876404494382
