0 0.0225 0.49063670411985016 0.045 0.08239700374531835
0 0.08875 0.45318352059925093 0.0475 0.0749063670411985
0 0.1925 0.45318352059925093 0.05 0.0749063670411985
0 0.2875 0.42696629213483145 0.045 0.06741573033707865
0 0.34875 0.44756554307116103 0.0475 0.08614232209737828
0 0.48375 0.46629213483146065 0.0475 0.07865168539325842
0 0.505 0.42696629213483145 0.03 0.0898876404494382
0 0.61375 0.43820224719101125 0.0275 0.052434456928838954
0 0.6925 0.3295880149812734 0.055 0.09737827715355805
0 0.87125 0.3539325842696629 0.0625 0.09363295880149813
0 0.9925 0.3782771535580524 0.02 0.0749063670411985
0 0.9275 0.37453183520599254 0.05 0.08239700374531835
2 0.63875 0.44569288389513106 0.0375 0.0749063670411985
2 0.405 0.49250936329588013 0.045 0.07865168539325842
2 0.26 0.4700374531835206 0.05 0.08614232209737828
