0 0.04125 0.8795918367346939 0.0675 0.11836734693877551
0 0.12625 0.7836734693877551 0.0675 0.11428571428571428
1 0.1675 0.7142857142857143 0.055 0.09795918367346938
2 0.095 0.4775510204081633 0.045 0.07346938775510205
0 0.08375 0.35306122448979593 0.0425 0.09387755102040816
0 0.02625 0.32040816326530613 0.0375 0.07755102040816327
2 0.08125 0.04693877551020408 0.0525 0.08571428571428572
0 0.2975 0.07551020408163266 0.055 0.08571428571428572
0 0.25875 0.2693877551020408 0.0575 0.07346938775510205
0 0.26375 0.4959183673469388 0.0475 0.09387755102040816
0 0.37375 0.9244897959183673 0.0725 0.11020408163265306
0 0.5175 0.7448979591836735 0.065 0.08571428571428572
0 0.565 0.8244897959183674 0.075 0.10612244897959183
0 0.4975 0.42857142857142855 0.06 0.09795918367346938
0 0.4825 0.27755102040816326 0.065 0.08979591836734693
0 0.49 0.1489795918367347 0.06 0.07755102040816327
0 0.64 0.49183673469387756 0.05 0.08571428571428572
0 0.66 0.2714285714285714 0.055 0.09387755102040816
0 0.745 0.2693877551020408 0.06 0.09795918367346938
0 0.93125 0.6428571428571429 0.0725 0.07755102040816327
0 0.89125 0.3448979591836735 0.0625 0.08571428571428572
0 0.82125 0.20204081632653062 0.0475 0.07755102040816327
0 0.81875 0.08979591836734693 0.0475 0.0653061224489796
