2 0.1375 0.17333333333333334 0.07 0.11555555555555555
2 0.34375 0.05333333333333334 0.0325 0.07111111111111111
2 0.49375 0.07333333333333333 0.0375 0.07555555555555556
0 0.535 0.11555555555555555 0.055 0.11555555555555555
2 0.38375 0.19555555555555557 0.0625 0.09777777777777778
0 0.3625 0.3511111111111111 0.08 0.1511111111111111
2 0.2 0.36666666666666664 0.065 0.07555555555555556
1 0.1225 0.8 0.07 0.12444444444444444
1 0.30875 0.4777777777777778 0.0775 0.15555555555555556
1 0.47625 0.43777777777777777 0.1125 0.2
2 0.6275 0.22 0.045 0.08444444444444445
0 0.67125 0.25555555555555554 0.0675 0.1288888888888889
1 0.86375 0.26666666666666666 0.0975 0.17777777777777778
0 0.715 0.6955555555555556 0.12 0.22666666666666666
