0 0.02875 0.2751196172248804 0.0425 0.08133971291866028
0 0.13875 0.28708133971291866 0.0375 0.07655502392344497
0 0.23 0.2966507177033493 0.04 0.07655502392344497
0 0.2775 0.20334928229665072 0.035 0.08133971291866028
0 0.33375 0.24401913875598086 0.0375 0.0861244019138756
0 0.44 0.2727272727272727 0.04 0.0861244019138756
0 0.56625 0.2607655502392344 0.0375 0.08133971291866028
0 0.6525 0.30861244019138756 0.035 0.07177033492822966
0 0.74375 0.3014354066985646 0.0375 0.07655502392344497
0 0.8375 0.35167464114832536 0.045 0.07177033492822966
0 0.95375 0.3157894736842105 0.0475 0.0861244019138756
