1 0.1075 0.23773584905660378 0.115 0.1811320754716981
2 0.23625 0.11886792452830189 0.0675 0.08679245283018867
0 0.35625 0.20754716981132076 0.0475 0.09056603773584905
0 0.41375 0.3452830188679245 0.0825 0.1320754716981132
0 0.2575 0.7509433962264151 0.21 0.30943396226415093
0 0.56125 0.6867924528301886 0.1975 0.30943396226415093
0 0.62 0.4 0.1 0.1660377358490566
0 0.49875 0.2509433962264151 0.0725 0.1169811320754717
2 0.8325 0.23962264150943396 0.085 0.1320754716981132
0 0.94625 0.14150943396226415 0.0925 0.1169811320754717
0 0.95875 0.28867924528301886 0.0825 0.1471698113207547
0 0.79 0.5547169811320755 0.115 0.18867924528301888
