0 0.085 0.2693877551020408 0.045 0.08979591836734693
0 0.16625 0.3163265306122449 0.0525 0.07755102040816327
0 0.3 0.23469387755102042 0.03 0.061224489795918366
0 0.355 0.29591836734693877 0.05 0.10204081632653061
0 0.37125 0.23673469387755103 0.0325 0.0653061224489796
0 0.40625 0.27755102040816326 0.0425 0.08163265306122448
0 0.45375 0.47551020408163264 0.0525 0.08571428571428572
0 0.43375 0.25510204081632654 0.0175 0.061224489795918366
0 0.4775 0.27346938775510204 0.03 0.0653061224489796
0 0.52625 0.2693877551020408 0.0325 0.07346938775510205
0 0.56 0.2755102040816326 0.045 0.08571428571428572
0 0.6125 0.3040816326530612 0.04 0.06938775510204082
0 0.65 0.3306122448979592 0.04 0.08163265306122448
0 0.7125 0.35306122448979593 0.055 0.08571428571428572
0 0.72 0.2163265306122449 0.025 0.05714285714285714
0 0.76875 0.2571428571428571 0.0375 0.07346938775510205
2 0.80625 0.2571428571428571 0.0375 0.0653061224489796
0 0.83875 0.24897959183673468 0.0225 0.04897959183673469
0 0.88125 0.23877551020408164 0.0425 0.06938775510204082
0 0.9375 0.2571428571428571 0.05 0.08163265306122448
