0 0.08125 0.24531835205992508 0.0375 0.06367041198501873
0 0.17125 0.250936329588015 0.0425 0.0749063670411985
2 0.2225 0.19850187265917604 0.03 0.0449438202247191
2 0.25375 0.15730337078651685 0.0425 0.0599250936329588
2 0.35375 0.1947565543071161 0.0475 0.06741573033707865
0 0.5025 0.23595505617977527 0.055 0.09737827715355805
1 0.535 0.1797752808988764 0.025 0.0599250936329588
2 0.5975 0.17790262172284643 0.045 0.07116104868913857
1 0.65875 0.16666666666666666 0.0475 0.07116104868913857
0 0.8225 0.14606741573033707 0.06 0.10486891385767791
0 0.75 0.1254681647940075 0.03 0.04868913857677903
0 0.71875 0.1947565543071161 0.0275 0.0449438202247191
2 0.05875 0.16666666666666666 0.0325 0.056179775280898875
