0 0.05 0.2739463601532567 0.05 0.07279693486590039
0 0.18625 0.2509578544061303 0.0425 0.06513409961685823
0 0.26625 0.2567049808429119 0.0375 0.06896551724137931
0 0.40875 0.2413793103448276 0.0425 0.06896551724137931
0 0.45375 0.23180076628352492 0.0325 0.05747126436781609
0 0.48875 0.22796934865900384 0.0325 0.06513409961685823
0 0.5225 0.17049808429118773 0.035 0.0421455938697318
0 0.5125 0.28160919540229884 0.04 0.06513409961685823
0 0.5775 0.3524904214559387 0.06 0.09195402298850575
2 0.67375 0.210727969348659 0.0475 0.07662835249042145
0 0.69375 0.3735632183908046 0.0625 0.1111111111111111
0 0.81 0.18582375478927204 0.04 0.06513409961685823
0 0.8025 0.34674329501915707 0.055 0.07279693486590039
0 0.91875 0.4540229885057471 0.0825 0.1417624521072797
2 0.86625 0.42337164750957856 0.0375 0.08045977011494253
