0 0.08375 0.31555555555555553 0.0525 0.10666666666666667
0 0.16625 0.37555555555555553 0.0475 0.09333333333333334
0 0.35125 0.3511111111111111 0.0575 0.11555555555555555
0 0.405 0.32666666666666666 0.045 0.08444444444444445
0 0.4525 0.5622222222222222 0.055 0.10222222222222223
0 0.52625 0.31333333333333335 0.0325 0.08444444444444445
0 0.56125 0.3244444444444444 0.0475 0.09777777777777778
0 0.6125 0.35777777777777775 0.045 0.08444444444444445
0 0.65 0.3933333333333333 0.045 0.09333333333333334
0 0.7125 0.41555555555555557 0.06 0.1111111111111111
0 0.76625 0.3022222222222222 0.0375 0.08
2 0.8075 0.3022222222222222 0.04 0.07111111111111111
0 0.8825 0.2822222222222222 0.045 0.09333333333333334
0 0.93875 0.30444444444444446 0.0525 0.10222222222222223
0 0.29875 0.28 0.0375 0.08
0 0.47625 0.3244444444444444 0.0375 0.07111111111111111
0 0.3675 0.28 0.04 0.07111111111111111
0 0.83875 0.3 0.0275 0.057777777777777775
