0 0.085 0.5262172284644194 0.075 0.13108614232209737
0 0.1325 0.9082397003745318 0.1 0.18352059925093633
0 0.25125 0.6367041198501873 0.0675 0.12734082397003746
0 0.2875 0.40636704119850187 0.045 0.07865168539325842
0 0.35 0.352059925093633 0.04 0.08239700374531835
0 0.50125 0.4606741573033708 0.0475 0.0898876404494382
0 0.55625 0.3445692883895131 0.0425 0.08239700374531835
0 0.6775 0.4344569288389513 0.04 0.06741573033707865
0 0.77125 0.4868913857677903 0.0375 0.08239700374531835
0 0.86875 0.5861423220973783 0.0425 0.11610486891385768
0 0.6 0.3089887640449438 0.045 0.08614232209737828
