0 0.08875 0.3295880149812734 0.0425 0.09737827715355805
0 0.4175 0.28277153558052437 0.045 0.07865168539325842
0 0.44875 0.16104868913857678 0.0325 0.0749063670411985
0 0.52375 0.1853932584269663 0.0425 0.08614232209737828
2 0.60375 0.18164794007490637 0.0375 0.06367041198501873
1 0.6425 0.20037453183520598 0.045 0.08614232209737828
0 0.75875 0.1760299625468165 0.0425 0.06741573033707865
0 0.84625 0.22284644194756553 0.0375 0.07116104868913857
0 0.9525 0.20599250936329588 0.035 0.0599250936329588
1 0.9825 0.20599250936329588 0.035 0.0749063670411985
