0 0.08375 0.26326530612244897 0.0475 0.09387755102040816
0 0.16625 0.3142857142857143 0.0475 0.08979591836734693
0 0.35375 0.2979591836734694 0.0525 0.09795918367346938
0 0.30125 0.23469387755102042 0.0325 0.061224489795918366
0 0.37 0.23265306122448978 0.03 0.04897959183673469
0 0.40625 0.2795918367346939 0.0475 0.06938775510204082
0 0.4325 0.2510204081632653 0.02 0.061224489795918366
0 0.455 0.47346938775510206 0.05 0.08979591836734693
0 0.47875 0.2714285714285714 0.0325 0.061224489795918366
0 0.52625 0.2673469387755102 0.0325 0.06938775510204082
0 0.56 0.27755102040816326 0.045 0.08163265306122448
0 0.61375 0.3040816326530612 0.0425 0.07755102040816327
0 0.6525 0.3326530612244898 0.05 0.09387755102040816
0 0.71375 0.35306122448979593 0.0575 0.10204081632653061
0 0.71875 0.21224489795918366 0.0325 0.07346938775510205
0 0.7675 0.25918367346938775 0.045 0.07755102040816327
2 0.80875 0.25918367346938775 0.0425 0.061224489795918366
0 0.8825 0.23673469387755103 0.045 0.07346938775510205
0 0.9375 0.25510204081632654 0.05 0.08571428571428572
0 0.84 0.2530612244897959 0.025 0.04897959183673469
