0 0.84375 0.44569288389513106 0.1125 0.11235955056179775
0 0.68 0.3445692883895131 0.075 0.1348314606741573
0 0.615 0.3333333333333333 0.075 0.1198501872659176
0 0.54375 0.29213483146067415 0.0725 0.11235955056179775
0 0.4375 0.29775280898876405 0.065 0.10861423220973783
0 0.39625 0.2808988764044944 0.0375 0.10486891385767791
0 0.36125 0.29213483146067415 0.0375 0.0898876404494382
0 0.30625 0.20411985018726592 0.0575 0.09363295880149813
0 0.26125 0.24906367041198502 0.0575 0.08614232209737828
0 0.12 0.26591760299625467 0.035 0.0599250936329588
0 0.025 0.2340823970037453 0.04 0.07116104868913857
