0 0.79125 0.7265917602996255 0.1025 0.15730337078651685
2 0.835 0.5243445692883895 0.08 0.1198501872659176
2 0.4475 0.5580524344569289 0.08 0.1198501872659176
0 0.5225 0.6966292134831461 0.105 0.149812734082397
0 0.95875 0.5468164794007491 0.0625 0.0898876404494382
0 0.1875 0.6292134831460674 0.085 0.15730337078651685
0 0.07625 0.5074906367041199 0.0575 0.09363295880149813
0 0.26625 0.5842696629213483 0.0475 0.10486891385767791
0 0.3525 0.5318352059925093 0.055 0.08239700374531835
0 0.3925 0.49063670411985016 0.06 0.11235955056179775
0 0.51875 0.4868913857677903 0.0625 0.09737827715355805
0 0.56875 0.4868913857677903 0.0425 0.0749063670411985
0 0.61375 0.39325842696629215 0.0325 0.0599250936329588
0 0.7275 0.35767790262172283 0.045 0.056179775280898875
2 0.29875 0.49250936329588013 0.0425 0.07865168539325842
0 0.12125 0.41198501872659177 0.0375 0.0599250936329588
0 0.37375 0.38764044943820225 0.0475 0.07116104868913857
2 0.4725 0.3389513108614232 0.035 0.056179775280898875
0 0.51625 0.31647940074906367 0.0175 0.04119850187265917
0 0.6425 0.31086142322097376 0.02 0.03745318352059925
0 0.425 0.3352059925093633 0.025 0.04119850187265917
0 0.25375 0.29775280898876405 0.0225 0.033707865168539325
0 0.68625 0.3707865168539326 0.0375 0.052434456928838954
0 0.57875 0.42696629213483145 0.0325 0.0599250936329588
0 0.915 0.3146067415730337 0.025 0.0449438202247191
0 0.96 0.3052434456928839 0.025 0.04868913857677903
0 0.7825 0.34831460674157305 0.02 0.03745318352059925
0 0.93875 0.301498127340824 0.0225 0.04119850187265917
