0 0.056666666666666664 0.6277602523659306 0.08666666666666667 0.1892744479495268
0 0.305 0.3359621451104101 0.06333333333333334 0.11041009463722397
0 0.34833333333333333 0.6845425867507886 0.11666666666666667 0.27129337539432175
0 0.5516666666666666 0.5 0.09666666666666666 0.20504731861198738
1 0.5991666666666666 0.277602523659306 0.06833333333333333 0.14511041009463724
0 0.655 0.25236593059936907 0.05 0.11356466876971609
0 0.7525 0.26025236593059936 0.065 0.14195583596214512
0 0.8433333333333334 0.3312302839116719 0.1 0.17665615141955837
0 0.9666666666666667 0.16246056782334384 0.04 0.09779179810725552
0 0.6691666666666667 0.7097791798107256 0.11833333333333333 0.21451104100946372
2 0.39 0.21608832807570977 0.04666666666666667 0.07886435331230283
