0 0.09375 0.398876404494382 0.1075 0.16853932584269662
2 0.2025 0.40823970037453183 0.075 0.1198501872659176
2 0.2925 0.700374531835206 0.11 0.15730337078651685
0 0.475 0.40823970037453183 0.085 0.14232209737827714
0 0.56125 0.3146067415730337 0.0675 0.1198501872659176
2 0.66375 0.3445692883895131 0.0975 0.11235955056179775
0 0.8025 0.36142322097378277 0.05 0.11610486891385768
0 0.87625 0.4250936329588015 0.1025 0.16104868913857678
2 0.97875 0.5074906367041199 0.0425 0.15355805243445692
0 0.7625 0.8183520599250936 0.13 0.16853932584269662
