0 0.05375 0.13111111111111112 0.0725 0.13777777777777778
0 0.1725 0.1511111111111111 0.085 0.14222222222222222
0 0.19 0.41555555555555557 0.09 0.15555555555555556
0 0.105 0.7555555555555555 0.08 0.14222222222222222
0 0.31625 0.4622222222222222 0.0875 0.1688888888888889
0 0.2975 0.8133333333333334 0.08 0.12444444444444444
0 0.5175 0.6155555555555555 0.09 0.18222222222222223
0 0.53125 0.9022222222222223 0.0825 0.1688888888888889
0 0.6 0.5688888888888889 0.08 0.1511111111111111
0 0.735 0.7777777777777778 0.08 0.1688888888888889
0 0.84625 0.32 0.0825 0.16
0 0.97 0.18222222222222223 0.06 0.12444444444444444
0 0.96625 0.42444444444444446 0.0675 0.15555555555555556
0 0.8375 0.6244444444444445 0.08 0.16444444444444445
0 0.945 0.7111111111111111 0.095 0.1688888888888889
0 0.815 0.9222222222222223 0.09 0.15555555555555556
