0 0.11 0.5636704119850188 0.115 0.1760299625468165
0 0.205 0.8164794007490637 0.125 0.20224719101123595
0 0.31625 0.4737827715355805 0.0675 0.10861423220973783
0 0.23875 0.47752808988764045 0.0525 0.07116104868913857
0 0.305 0.3464419475655431 0.05 0.07865168539325842
0 0.41875 0.3782771535580524 0.0475 0.09737827715355805
0 0.38125 0.3445692883895131 0.0325 0.052434456928838954
0 0.47875 0.5 0.0725 0.12359550561797752
0 0.6225 0.3913857677902622 0.07 0.12359550561797752
0 0.77375 0.34831460674157305 0.0525 0.09737827715355805
0 0.7625 0.599250936329588 0.095 0.14232209737827714
0 0.86 0.8857677902621723 0.15 0.20599250936329588
0 0.89125 0.3782771535580524 0.0425 0.0749063670411985
0 0.9525 0.4550561797752809 0.05 0.07116104868913857
0 0.96 0.7116104868913857 0.085 0.21722846441947566
0 0.6875 0.41947565543071164 0.045 0.0749063670411985
0 0.955 0.3539325842696629 0.04 0.04868913857677903
