0 0.3475 0.7787610619469026 0.115 0.21238938053097345
0 0.53 0.13274336283185842 0.045 0.09734513274336283
2 0.735 0.12389380530973451 0.065 0.10619469026548672
0 0.6325 0.37831858407079644 0.055 0.11061946902654868
2 0.2825 0.06415929203539823 0.02 0.03982300884955752
2 0.335 0.07743362831858407 0.02 0.03982300884955752
2 0.42375 0.048672566371681415 0.0225 0.035398230088495575
0 0.8175 0.18584070796460178 0.03 0.04424778761061947
0 0.6825 0.06415929203539823 0.025 0.048672566371681415
2 0.59 0.046460176991150445 0.02 0.048672566371681415
2 0.6175 0.015486725663716814 0.015 0.030973451327433628
0 0.3725 0.11504424778761062 0.025 0.05309734513274336
0 0.37 0.18141592920353983 0.04 0.10619469026548672
