0 0.06375 0.23777777777777778 0.1175 0.22666666666666666
0 0.34 0.37777777777777777 0.08 0.16
0 0.42625 0.22 0.0375 0.09333333333333334
0 0.52 0.24 0.07 0.14222222222222222
0 0.8975 0.2644444444444444 0.04 0.07555555555555556
2 0.9625 0.27555555555555555 0.035 0.08
2 0.7825 0.24444444444444444 0.045 0.08888888888888889
2 0.72 0.23555555555555555 0.04 0.08888888888888889
2 0.6425 0.24 0.045 0.11555555555555555
2 0.21375 0.25555555555555554 0.0575 0.10222222222222223
2 0.15625 0.24888888888888888 0.0275 0.05333333333333334
