0 0.19875 0.08 0.0125 0.02666666666666667
0 0.2175 0.08222222222222222 0.015 0.03111111111111111
0 0.25625 0.07333333333333333 0.0175 0.03111111111111111
0 0.32375 0.05555555555555555 0.0275 0.06666666666666667
0 0.3025 0.14444444444444443 0.035 0.04
0 0.15 0.09555555555555556 0.03 0.06666666666666667
0 0.4525 0.11777777777777777 0.02 0.06666666666666667
0 0.50375 0.13333333333333333 0.0425 0.08888888888888889
0 0.59375 0.19777777777777777 0.0175 0.03111111111111111
0 0.69625 0.12444444444444444 0.0425 0.08
0 0.87625 0.14666666666666667 0.0375 0.09777777777777778
