0 0.54375 0.5842696629213483 0.1025 0.15730337078651685
0 0.03125 0.44569288389513106 0.0225 0.03745318352059925
0 0.1275 0.4794007490636704 0.01 0.03745318352059925
0 0.23875 0.4700374531835206 0.0175 0.033707865168539325
0 0.27125 0.45880149812734083 0.0225 0.033707865168539325
0 0.37625 0.47752808988764045 0.0175 0.04119850187265917
2 0.3475 0.44756554307116103 0.025 0.04119850187265917
0 0.4325 0.45131086142322097 0.02 0.04119850187265917
0 0.49375 0.45692883895131087 0.0225 0.0449438202247191
0 0.65375 0.46629213483146065 0.0175 0.04119850187265917
0 0.69625 0.45131086142322097 0.0125 0.033707865168539325
0 0.7375 0.47752808988764045 0.015 0.033707865168539325
0 0.8725 0.3352059925093633 0.02 0.026217228464419477
0 0.93875 0.45692883895131087 0.0125 0.0299625468164794
2 0.8875 0.45318352059925093 0.02 0.03745318352059925
0 0.89 0.3970037453183521 0.02 0.0299625468164794
