0 0.1875 0.2956204379562044 0.055 0.08029197080291971
0 0.4025 0.26824817518248173 0.07 0.10583941605839416
0 0.5725 0.2645985401459854 0.06 0.09124087591240876
2 0.75125 0.2645985401459854 0.0575 0.07664233576642336
2 0.95 0.28832116788321166 0.055 0.072992700729927
2 0.965 0.08576642335766424 0.035 0.04744525547445255
2 0.635 0.040145985401459854 0.02 0.043795620437956206
2 0.5725 0.05291970802919708 0.015 0.032846715328467155
2 0.8175 0.12408759124087591 0.015 0.029197080291970802
2 0.74375 0.12226277372262774 0.0175 0.025547445255474453
2 0.70625 0.11496350364963503 0.0175 0.025547445255474453
0 0.4375 0.10036496350364964 0.02 0.032846715328467155
2 0.36875 0.11861313868613138 0.0175 0.025547445255474453
2 0.21375 0.09854014598540146 0.0175 0.029197080291970802
2 0.1525 0.10218978102189781 0.02 0.0364963503649635
2 0.06875 0.0948905109489051 0.0175 0.0364963503649635
2 0.01375 0.09124087591240876 0.0225 0.029197080291970802
